1000000032
1000000033
1000000034
1000000035
1000000036
1000000037
1000000038
1000000039
1000000040
1000000041
1000000042
1000000043
1000000044
1000000045
1000000046
1000000047
1000000048
1000000049
1000000050
1000000051
1000000052
1000000053
1000000054
1000000055
1000000056
1000000057
1000000058
1000000059
1000000060
1000000061
1000000062
1000000063
1000000064
1000000065
1000000066
1000000067
1000000068
1000000069
1000000070
1000000071
1000000072
1000000073
1000000074
1000000075
1000000076
1000000077
1000000078
1000000079
1000000080
1000000081
1000000082
1000000083
1000000084
1000000085
1000000086
1000000087
1000000088
1000000089
1000000090
1000000091
1000000092
1000000093
1000000094
1000000095
1000000096
1000000097
1000000098
1000000099
1000000100
1000000101
1000000102
1000000103
1000000104
1000000105
1000000106
1000000107
1000000108
1000000109
1000000110
1000000111
1000000112
1000000113
1000000114
1000000115
1000000116
1000000117
1000000118
1000000119
1000000120
1000000121
1000000122
1000000123
1000000124
1000000125
1000000126
1000000127
1000000128
1000000129
1000000130
1000000131
1000000132
1000000133
1000000134
1000000135
1000000136
1000001447
1000001448
1000001449
1000001450
1000001451
1000001452
1000001453
1000001454
1000001455
1000001456
1000001457
1000001458
1000001459
1000001460
1000001461
1000001462
1000001463
1000001464
1000001465
1000001466
1000001467
1000001468
1000001469
1000001470
1000001471
1000001472
1000001473
1000001474
1000001475
1000001476
1000001477
1000001478
1000001479
1000001480
1000001481
1000001482
1000001483
1000001484
1000001485
1000001486
1000001487
1000001488
1000001489
1000001490
1000001491
1000001492
1000001493
1000001494
1000001495
1000001496
1000001497
1000001498
1000001499
1000007000
1000008000
1000008001
1000009000
1000009001
1000009002
1000009003
1000009004
1000009005
1000010000
1000011000
1000011001
1000011002
1000011003
1000011004
1000011005
1000011006
1000011007
1000012000
1000012001
1000012002
1000012003
1000012004
1000013000
1000014000
1000015000
1000016000
1000016001
1000016002
1000016003
1000016004
1000017000
1000018000
1000018001
1000018002
1000018003
1000018004
1000018005
1000019000
1000019001
1000019002
1000019003
1000019004
1000020000
1000020001
1000020002
1000020003
1000020004
1000020005
1000020006
1000020007
1000020008
1000020009
1000020010
1000020011
1000020012
1000021000
1000021001
1000021002
1000021003
1000021004
1000021005
1000021006
1000022000
1000023000
1000023001
1000023002
1000023003
1000024000
1000024001
1000025000
1000026000
1000026001
1000026002
1000027000
1000027001
1000027002
1000027003
1000027004
1000027005
1000028000
1000028001
1000028002
1000028003
1000028004
1000028005
1000028006
1000029000
1000029001
1000029002
1000029003
1000029004
1000029005
1000029006
1000029007
1000030000
1000030001
1000030002
1000031000
1000031001
1000031002
1000031003
1000031004
1000031005
1000031006
1000031007
1000031008
1000031009
1000031010
1000031011
1000031012
1000032000
1000032001
1000033000
1000034000
1000035000
1000036000
1000037000
1000038000
1000038001
1000038002
1000038003
1000038004
1000039000
1000040000
1000041000
1000041001
1000042000
1000042001
1000042002
1000042003
1000043000
1000044000
1000044001
1000044002
1000044003